[90.57, 28.93]
[90.47, 28.93]
[90.39, 28.93]
[90.32, 28.75]
[90.24, 28.75]
[90.16, 28.75]
[90.08, 28.75]
[90.02, 28.75]
[89.93, 28.75]
[89.86, 28.75]
[89.78, 28.75]
[89.71, 28.93]
[89.65, 28.93]
[89.55, 28.93]
[89.49, 28.93]
[89.4, 28.93]
[89.34, 28.93]
[89.26, 28.75]
[89.18, 28.93]
[89.11, 28.93]
[89.05, 28.93]
[88.96, 28.93]
[88.9, 28.93]
[88.82, 28.93]
[88.75, 28.93]
[88.66, 29.12]
[88.6, 28.75]
[88.52, 29.12]
[88.47, 28.93]
[88.38, 28.93]
[88.33, 28.93]
[88.24, 28.93]
[88.18, 28.93]
[88.1, 28.93]
[88.06, 29.12]
[87.96, 28.93]
[87.89, 28.93]
[87.83, 28.93]
[87.76, 28.93]
[87.7, 28.93]
[87.62, 28.93]
[87.55, 28.93]
[87.48, 28.93]
[87.41, 28.93]
[87.33, 28.93]
[87.27, 28.93]
[87.21, 28.93]
[87.14, 29.12]
[87.07, 28.93]
[87.01, 28.93]
[86.93, 29.12]
[86.86, 29.12]
[86.78, 29.12]
[86.73, 29.12]
[86.67, 29.12]
[86.6, 29.12]
[86.52, 28.93]
[86.47, 29.12]
[86.4, 29.12]
[86.32, 29.12]
[86.28, 28.93]
[86.19, 29.12]
[86.14, 29.12]
[86.08, 29.12]
[86.01, 29.12]
[85.96, 28.93]
[85.88, 29.12]
[85.83, 29.12]
[85.78, 28.93]
[85.7, 29.12]
[85.65, 29.12]
[85.57, 29.12]
[85.52, 29.12]
[85.44, 29.12]
[85.38, 29.12]
[85.32, 29.31]
[85.26, 28.93]
[85.2, 29.12]
[85.17, 29.12]
[85.08, 29.12]
[85.04, 29.12]
[84.97, 29.31]
[84.92, 29.12]
[84.84, 29.12]
[84.79, 29.12]
[84.71, 29.31]
[84.67, 29.31]
[84.61, 29.31]
[84.55, 29.31]
[84.5, 29.12]
[84.45, 29.31]
[84.36, 29.31]
[84.33, 29.31]
[84.25, 29.31]
[84.2, 29.5]
[84.14, 29.31]
[84.09, 29.5]
[84.03, 29.12]
[83.97, 29.5]
[83.93, 29.31]
[83.88, 29.31]
[83.81, 29.31]
[83.75, 29.5]
[83.69, 29.5]
[83.63, 29.31]
[83.58, 29.5]
[83.51, 29.68]
[83.47, 29.5]
[83.41, 29.5]
[83.35, 29.31]
[83.3, 29.5]
[83.22, 29.31]
[83.19, 29.5]
[83.14, 29.5]
[83.07, 29.31]
[83.02, 29.31]
[82.96, 29.68]
[82.92, 29.5]
[82.85, 29.68]
[82.79, 29.5]
[82.73, 29.68]
[82.7, 29.68]
[82.63, 29.5]
[82.57, 29.68]
[82.53, 29.5]
[82.46, 29.68]
[82.45, 29.5]
[82.37, 29.68]
[82.32, 29.87]
[82.25, 29.5]
[82.21, 29.68]
[82.14, 29.68]
[82.09, 29.68]
[82.04, 29.68]
[82.01, 29.5]
[81.93, 29.68]
[81.88, 29.5]
[81.84, 29.68]
[81.79, 29.68]
[81.72, 30.06]
[81.67, 29.68]
[81.64, 29.68]
[81.56, 29.68]
[81.52, 29.68]
[81.48, 29.87]
[81.41, 29.87]
[81.37, 29.68]
[81.34, 29.87]
[81.26, 29.68]
[81.22, 29.87]
[81.15, 29.68]
[81.12, 29.87]
[81.06, 29.87]
[81.01, 30.06]
[80.94, 30.06]
[80.91, 29.87]
[80.85, 29.68]
[80.82, 30.06]
[80.76, 29.87]
[80.71, 30.06]
[80.66, 29.87]
[80.62, 29.87]
[80.57, 30.06]
[80.52, 30.06]
[80.47, 30.06]
[80.41, 30.06]
[80.36, 30.06]
[80.32, 30.06]
[80.26, 30.06]
[80.22, 30.06]
[80.17, 30.06]
[80.12, 30.06]
[80.07, 30.25]
[80.03, 30.25]
[79.97, 30.25]
[79.93, 30.25]
[79.87, 30.06]
[79.81, 30.25]
[79.77, 30.06]
[79.74, 30.25]
[79.7, 30.06]
[79.64, 30.25]
[79.6, 30.06]
[79.55, 30.44]
[79.48, 30.25]
[79.45, 30.44]
[79.4, 30.25]
[79.35, 30.25]
[79.3, 30.25]
[79.24, 30.44]
[79.21, 30.25]
[79.17, 30.25]
[79.11, 30.25]
[79.06, 30.06]
[79.03, 30.44]
[78.97, 30.44]
[78.93, 30.44]
[78.86, 30.25]
[78.85, 30.25]
[78.78, 30.25]
[78.75, 30.44]
[78.7, 30.44]
[78.66, 30.44]
[78.61, 30.25]
[78.57, 30.63]
[78.53, 30.44]
[78.47, 30.63]
[78.42, 30.63]
[78.37, 30.44]
[78.34, 30.63]
[78.28, 30.63]
[78.24, 30.44]
[78.19, 30.63]
[78.15, 30.63]
[78.11, 30.63]
[78.07, 30.63]
[78.02, 30.44]
[77.97, 30.83]
[77.94, 30.83]
[77.88, 31.02]
[77.82, 30.63]
[77.78, 30.83]
[77.72, 30.83]
[77.67, 30.83]
[77.6, 30.63]
[77.56, 30.63]
[77.52, 30.83]
[77.46, 30.83]
[77.42, 30.63]
[77.36, 30.83]
[77.33, 30.63]
[77.28, 30.63]
[77.22, 30.83]
[77.18, 30.83]
[77.13, 30.83]
[77.07, 30.83]
[77.02, 30.83]
[76.97, 30.83]
[76.95, 31.02]
[76.9, 30.83]
[76.86, 31.02]
[76.81, 31.02]
[76.77, 31.02]
[76.72, 31.02]
[76.68, 30.83]
[76.63, 31.02]
[76.57, 31.02]
[76.53, 31.21]
[76.49, 31.02]
[76.41, 31.21]
[76.38, 31.02]
[76.34, 31.02]
[76.27, 31.02]
[76.23, 31.02]
[76.17, 31.02]
[76.11, 31.21]
[76.06, 31.02]
[76.01, 31.21]
[75.95, 31.4]
[75.91, 31.21]
[75.86, 31.4]
[75.79, 31.21]
[75.74, 31.21]
[75.67, 31.21]
[75.62, 31.21]
[75.58, 31.21]
[75.52, 31.21]
[75.48, 31.4]
[75.43, 31.21]
[75.39, 31.4]
[75.32, 31.4]
[75.28, 31.21]
[75.24, 31.4]
[75.18, 31.4]
[75.16, 31.4]
[75.11, 31.4]
[75.07, 31.4]
[75.02, 31.6]
[75.0, 31.6]
[74.94, 31.4]
[74.9, 31.6]
[74.86, 31.79]
[74.83, 31.79]
[74.79, 31.4]
[74.75, 31.6]
[74.7, 31.79]
[74.67, 31.6]
[74.62, 31.79]
[74.59, 31.79]
[74.53, 31.79]
[74.5, 31.79]
[74.44, 31.6]
[74.4, 31.79]
[74.35, 31.79]
[74.3, 31.79]
[74.28, 31.6]
[74.24, 31.79]
[74.17, 31.79]
[74.15, 31.79]
[74.12, 31.79]
[74.09, 31.98]
[74.04, 31.79]
[74.01, 31.98]
[73.97, 31.98]
[73.94, 31.98]
[73.89, 32.18]
[73.86, 31.98]
[73.82, 31.98]
[73.8, 31.98]
[73.78, 32.18]
[73.73, 31.98]
[73.69, 31.98]
[73.63, 31.98]
[73.61, 32.37]
[73.56, 32.18]
[73.52, 32.18]
[73.49, 32.18]
[73.44, 32.18]
[73.41, 32.18]
[73.36, 31.98]
[73.36, 32.18]
[73.3, 32.18]
[73.27, 32.18]
[73.25, 32.18]
[73.2, 32.18]
[73.17, 32.18]
[73.15, 32.37]
[73.11, 32.18]
[73.08, 32.18]
[73.05, 32.37]
[73.02, 32.57]
[72.98, 32.37]
[72.95, 32.37]
[72.93, 32.37]
[72.88, 32.37]
[72.87, 32.57]
[72.83, 32.57]
[72.79, 32.57]
[72.78, 32.57]
[72.73, 32.37]
[72.7, 32.37]
[72.69, 32.57]
[72.64, 32.57]
[72.62, 32.57]
[72.57, 32.37]
[72.54, 32.57]
[72.51, 32.76]
[72.48, 32.57]
[72.46, 32.57]
[72.41, 32.57]
[72.37, 32.57]
[72.34, 32.76]
[72.31, 32.76]
[72.27, 32.76]
[72.25, 32.76]
[72.21, 32.57]
[72.17, 32.57]
[72.14, 32.76]
[72.1, 32.76]
[72.06, 32.76]
[72.04, 32.76]
[72.01, 32.76]
[71.98, 33.16]
[71.95, 32.96]
[71.92, 32.96]
[71.89, 32.96]
[71.88, 32.96]
[71.84, 32.96]
[71.8, 32.96]
[71.76, 32.96]
[71.74, 32.96]
[71.71, 33.36]
[71.68, 32.96]
[71.65, 32.96]
[71.62, 32.96]
[71.59, 33.16]
[71.58, 33.16]
[71.54, 33.16]
[71.51, 33.16]
[71.46, 33.36]
[71.45, 33.16]
[71.42, 33.55]
[71.39, 33.36]
[71.35, 33.16]
[71.33, 33.16]
[71.31, 33.16]
[71.27, 33.16]
[71.23, 33.16]
[71.23, 33.36]
[71.19, 33.16]
[71.17, 33.36]
[71.15, 33.36]
[71.1, 33.16]
[71.06, 33.36]
[71.05, 33.16]
[71.02, 33.36]
[71.01, 33.55]
[70.98, 33.36]
[70.95, 33.36]
[70.91, 33.55]
[70.88, 33.36]
[70.86, 33.55]
[70.84, 33.55]
[70.79, 33.55]
[70.76, 33.75]
[70.75, 33.55]
[70.73, 33.55]
[70.71, 33.55]
[70.68, 33.55]
[70.64, 33.95]
[70.61, 33.55]
[70.6, 33.75]
[70.56, 33.75]
[70.55, 33.75]
[70.53, 33.95]
[70.48, 33.75]
[70.46, 33.55]
[70.45, 33.95]
[70.43, 33.75]
[70.39, 33.75]
[70.35, 33.75]
[70.33, 33.55]
[70.3, 33.75]
[70.28, 33.75]
[70.28, 33.95]
[70.24, 33.75]
[70.21, 33.75]
[70.19, 33.95]
[70.18, 33.95]
[70.14, 33.95]
[70.13, 33.95]
[70.09, 33.95]
[70.06, 33.95]
[70.04, 33.95]
[70.02, 33.95]
[70.01, 33.95]
[69.98, 33.95]
[69.95, 33.95]
[69.92, 34.15]
[69.9, 34.35]
[69.88, 34.15]
[69.85, 34.15]
[69.84, 33.95]
[69.81, 34.15]
[69.77, 34.15]
[69.75, 34.35]
[69.72, 33.95]
[69.71, 33.95]
[69.67, 34.15]
[69.66, 33.95]
[69.64, 34.15]
[69.59, 34.35]
[69.59, 34.35]
[69.55, 34.35]
[69.53, 34.35]
[69.52, 34.15]
[69.51, 34.35]
[69.46, 34.15]
[69.44, 34.35]
[69.41, 34.35]
[69.41, 34.35]
[69.39, 34.35]
[69.35, 34.35]
[69.33, 34.15]
[69.31, 34.35]
[69.28, 34.35]
[69.26, 34.55]
[69.24, 34.55]
[69.22, 34.55]
[69.17, 34.55]
[69.17, 34.55]
[69.15, 34.35]
[69.13, 34.55]
[69.08, 34.55]
[69.08, 34.55]
[69.03, 34.55]
[69.02, 34.55]
[69.01, 34.55]
[68.99, 34.55]
[68.96, 34.75]
[68.95, 34.75]
[68.91, 34.55]
[68.9, 34.55]
[68.87, 34.95]
[68.85, 34.55]
[68.85, 34.75]
[68.81, 34.75]
[68.78, 34.75]
[68.76, 34.75]
[68.75, 34.55]
[68.73, 34.75]
[68.71, 34.75]
[68.68, 34.95]
[68.68, 34.75]
[68.66, 34.95]
[68.64, 34.75]
[68.61, 34.75]
[68.59, 34.95]
[68.58, 34.95]
[68.53, 34.95]
[68.53, 34.75]
[68.51, 34.95]
[68.47, 34.95]
[68.47, 34.95]
[68.44, 34.95]
[68.43, 35.15]
[68.4, 34.95]
[68.38, 34.95]
[68.35, 35.15]
[68.33, 34.95]
[68.32, 35.15]
[68.31, 35.15]
[68.28, 34.95]
[68.27, 35.15]
[68.24, 35.15]
[68.23, 34.95]
[68.2, 35.15]
[68.19, 35.15]
[68.14, 35.15]
[68.14, 35.15]
[68.12, 35.15]
[68.09, 35.36]
[68.05, 35.36]
[68.07, 35.15]
[68.05, 35.15]
[68.01, 35.36]
[67.97, 35.36]
[67.97, 35.56]
[67.95, 35.56]
[67.92, 35.36]
[67.9, 35.36]
[67.87, 35.56]
[67.85, 35.56]
[67.83, 35.15]
[67.82, 35.56]
[67.8, 35.36]
[67.77, 35.36]
[67.73, 35.36]
[67.74, 35.56]
[67.72, 35.36]
[67.68, 35.56]
[67.67, 35.36]
[67.63, 35.56]
[67.62, 35.56]
[67.59, 35.76]
[67.57, 35.76]
[67.57, 35.36]
[67.52, 35.56]
[67.52, 35.56]
[67.49, 35.56]
[67.48, 35.76]
[67.45, 35.76]
[67.43, 35.76]
[67.4, 35.76]
[67.38, 35.76]
[67.37, 35.76]
[67.36, 35.76]
[67.33, 35.97]
[67.29, 35.76]
[67.29, 35.76]
[67.25, 35.97]
[67.23, 35.76]
[67.23, 35.97]
[67.19, 35.76]
[67.16, 35.76]
[67.17, 35.76]
[67.15, 35.76]
[67.13, 35.97]
[67.08, 35.97]
[67.08, 35.76]
[67.07, 35.97]
[67.04, 35.97]
[67.01, 35.97]
[66.99, 35.97]
[66.99, 35.76]
[66.98, 35.97]
[66.94, 35.97]
[66.93, 35.97]
[66.91, 35.97]
[66.88, 36.17]
[66.88, 36.17]
[66.86, 36.17]
[66.85, 36.17]
[66.83, 36.38]
[66.78, 36.17]
[66.77, 36.38]
[66.77, 35.97]
[66.76, 36.17]
[66.73, 35.97]
[66.71, 36.17]
[66.68, 36.38]
[66.69, 36.38]
[66.66, 36.38]
[66.66, 36.38]
[66.63, 36.17]
[66.59, 36.38]
[66.59, 36.38]
[66.57, 36.38]
[66.57, 36.58]
[66.53, 36.38]
[66.51, 36.38]
[66.49, 36.58]
[66.47, 36.38]
[66.45, 36.58]
[66.44, 36.38]
[66.42, 36.38]
[66.37, 36.38]
[66.39, 36.58]
[66.35, 36.58]
[66.34, 36.58]
[66.31, 36.38]
[66.29, 36.79]
[66.29, 36.58]
[66.27, 36.79]
[66.26, 36.38]
[66.24, 36.99]
[66.21, 36.79]
[66.21, 36.58]
[66.17, 36.79]
[66.16, 36.79]
[66.14, 36.58]
[66.14, 36.79]
[66.12, 36.79]
[66.11, 36.79]
[66.09, 36.58]
[66.07, 36.79]
[66.05, 36.79]
[66.04, 36.79]
[66.03, 36.79]
[66.01, 36.79]
[65.99, 36.79]
[65.96, 36.99]
[65.96, 36.79]
[65.94, 36.99]
[65.91, 36.79]
[65.89, 36.99]
[65.87, 36.99]
[65.85, 36.79]
[65.84, 36.99]
[65.83, 36.99]
[65.81, 36.79]
[65.78, 36.99]
[65.76, 36.99]
[65.74, 36.99]
[65.74, 36.79]
[65.71, 37.2]
[65.7, 36.99]
[65.7, 36.99]
[65.67, 36.99]
[65.66, 36.99]
[65.63, 37.2]
[65.62, 37.2]
[65.58, 37.2]
[65.59, 37.41]
[65.55, 36.99]
[65.54, 37.2]
[65.53, 37.2]
[65.5, 37.2]
[65.51, 37.2]
[65.46, 37.2]
[65.47, 37.2]
[65.45, 37.2]
[65.42, 37.41]
[65.42, 37.41]
[65.4, 37.41]
[65.37, 37.41]
[65.36, 37.2]
[65.33, 37.41]
[65.3, 37.41]
[65.31, 37.62]
[65.26, 37.41]
[65.27, 37.62]
[65.23, 37.41]
[65.22, 37.41]
[65.18, 37.62]
[65.17, 37.41]
[65.15, 37.62]
[65.12, 37.83]
[65.11, 37.83]
[65.09, 37.62]
[65.07, 37.62]
[65.04, 37.62]
[65.01, 37.62]
[65.01, 37.41]
[64.99, 37.83]
[64.98, 37.62]
[64.95, 37.83]
[64.94, 37.83]
[64.92, 37.83]
[64.91, 37.62]
[64.86, 37.62]
[64.87, 37.83]
[64.84, 37.83]
[64.83, 38.04]
[64.84, 37.62]
[64.82, 37.62]
[64.79, 37.83]
[64.78, 37.83]
[64.77, 37.83]
[64.73, 37.83]
[64.72, 38.04]
[64.72, 38.04]
[64.7, 37.83]
[64.66, 38.04]
[64.66, 37.83]
[64.66, 37.83]
[64.65, 38.04]
[64.62, 38.04]
[64.61, 38.04]
[64.58, 38.04]
[64.57, 38.04]
[64.54, 38.25]
[64.54, 38.04]
[64.54, 38.25]
[64.5, 38.04]
[64.48, 38.25]
[64.49, 38.04]
[64.46, 38.25]
[64.43, 38.25]
[64.43, 38.25]
[64.41, 38.25]
[64.4, 38.25]
[64.38, 38.25]
[64.38, 38.67]
[64.34, 38.25]
[64.33, 38.25]
[64.33, 38.25]
[64.29, 38.46]
[64.29, 38.25]
[64.27, 38.25]
[64.27, 38.46]
[64.24, 38.25]
[64.23, 38.46]
[64.22, 38.46]
[64.2, 38.67]
[64.19, 38.46]
[64.17, 38.46]
[64.17, 38.46]
[64.14, 38.46]
[64.14, 38.46]
[64.12, 38.67]
[64.09, 38.46]
[64.09, 38.67]
[64.07, 38.46]
[64.06, 38.67]
[64.04, 38.67]
[64.03, 38.88]
[64.02, 38.46]
[63.99, 38.67]
[63.97, 38.67]
[63.96, 38.67]
[63.96, 38.67]
[63.93, 38.88]
[63.92, 38.67]
[63.91, 38.88]
[63.9, 38.88]
[63.87, 38.88]
[63.85, 38.88]
[63.83, 38.88]
[63.82, 38.88]
[63.82, 38.67]
[63.79, 38.67]
[63.78, 39.09]
[63.77, 39.09]
[63.76, 38.88]
[63.74, 38.88]
[63.74, 38.88]
[63.69, 38.88]
[63.69, 38.88]
[63.64, 39.09]
[63.65, 38.88]
[63.61, 38.88]
[63.61, 39.09]
[63.58, 39.3]
[63.58, 38.88]
[63.54, 39.09]
[63.56, 39.09]
[63.52, 39.3]
[63.51, 39.09]
[63.5, 39.3]
[63.48, 39.09]
[63.46, 39.3]
[63.46, 39.09]
[63.44, 39.09]
[63.43, 39.3]
[63.43, 39.09]
[63.4, 39.3]
[63.37, 39.09]
[63.36, 39.09]
[63.35, 39.3]
[63.34, 39.09]
[63.34, 39.3]
[63.29, 39.3]
[63.3, 39.3]
[63.25, 39.09]
[63.25, 39.51]
[63.23, 39.3]
[63.23, 39.51]
[63.2, 39.3]
[63.18, 39.3]
[63.17, 39.3]
[63.18, 39.51]
[63.16, 39.51]
[63.14, 39.3]
[63.09, 39.3]
[63.1, 39.73]
[63.07, 39.51]
[63.07, 39.51]
[63.05, 39.51]
[63.04, 39.73]
[63.04, 39.51]
[63.02, 39.73]
[63.0, 39.73]
[62.97, 39.51]
[62.97, 39.73]
[62.96, 39.51]
[62.95, 39.51]
[62.92, 39.73]
[62.92, 39.73]
[62.91, 39.73]
[62.89, 39.73]
[62.86, 39.73]
[62.87, 39.73]
[62.86, 39.94]
[62.85, 39.94]
[62.82, 39.73]
[62.81, 39.73]
[62.79, 39.94]
[62.79, 39.94]
[62.77, 39.73]
[62.76, 39.94]
[62.74, 39.73]
[62.73, 39.94]
[62.73, 39.94]
[62.71, 39.94]
[62.67, 39.94]
[62.69, 39.94]
[62.67, 40.16]
[62.64, 39.94]
[62.64, 39.94]
[62.61, 39.94]
[62.62, 40.16]
[62.59, 40.16]
[62.58, 40.16]
[62.57, 40.16]
[62.57, 40.16]
[62.55, 39.94]
[62.51, 40.16]
[62.52, 40.59]
[62.54, 40.37]
[62.49, 40.37]
[62.48, 40.37]
[62.49, 40.16]
[62.46, 40.37]
[62.44, 40.16]
[62.44, 40.37]
[62.43, 40.37]
[62.41, 40.37]
[62.4, 40.37]
[62.4, 40.59]
[62.37, 40.59]
[62.35, 40.59]
[62.35, 40.37]
[62.33, 40.59]
[62.33, 40.37]
[62.31, 40.37]
[62.29, 40.37]
[62.29, 40.59]
[62.26, 40.8]
[62.26, 40.8]
[62.25, 40.59]
[62.23, 40.59]
[62.2, 40.59]
[62.19, 40.59]
[62.19, 40.8]
[62.18, 40.59]
[62.17, 40.59]
[62.15, 40.8]
[62.15, 40.8]
[62.13, 40.59]
[62.11, 40.8]
[62.11, 40.8]
[62.1, 40.59]
[62.08, 40.8]
[62.05, 40.8]
[62.05, 40.59]
[62.04, 40.8]
[62.01, 40.8]
[62.01, 40.8]
[62.0, 41.02]
[61.99, 40.8]
[61.98, 40.8]
[61.98, 40.8]
[61.96, 41.02]
[61.93, 41.02]
[61.91, 41.02]
[61.91, 40.8]
[61.92, 41.02]
[61.89, 41.02]
[61.88, 40.8]
[61.86, 41.24]
[61.86, 41.02]
[61.85, 41.02]
[61.82, 41.02]
[61.82, 41.02]
[61.81, 41.24]
[61.78, 41.24]
[61.78, 41.24]
[61.77, 41.24]
[61.74, 41.24]
[61.77, 41.02]
[61.73, 41.24]
[61.72, 41.24]
[61.72, 41.02]
[61.71, 41.24]
[61.68, 41.24]
[61.68, 41.24]
[61.63, 41.24]
[61.66, 41.24]
[61.63, 41.46]
[61.62, 41.46]
[61.6, 41.46]
[61.6, 41.46]
[61.58, 41.46]
[61.57, 41.46]
[61.54, 41.46]
[61.56, 41.67]
[61.53, 41.46]
[61.49, 41.24]
[61.51, 41.67]
[61.48, 41.46]
[61.47, 41.46]
[61.46, 41.67]
[61.44, 41.46]
[61.43, 41.46]
[61.42, 41.67]
[61.4, 41.67]
[61.4, 41.46]
[61.39, 41.46]
[61.37, 41.46]
[61.34, 41.67]
[61.34, 41.67]
[61.32, 41.67]
[61.33, 41.89]
[61.31, 41.67]
[61.29, 41.67]
[61.28, 41.89]
[61.27, 41.67]
[61.25, 41.89]
[61.25, 41.67]
[61.24, 41.89]
[61.24, 41.67]
[61.22, 41.89]
[61.19, 41.89]
[61.19, 42.11]
[61.16, 42.11]
[61.17, 41.89]
[61.14, 41.89]
[61.13, 42.11]
[61.13, 41.89]
[61.12, 41.89]
[61.1, 42.11]
[61.09, 42.11]
[61.09, 41.89]
[61.09, 42.11]
[61.06, 42.11]
[61.04, 41.89]
[61.03, 41.89]
[61.03, 41.89]
[61.01, 42.11]
[61.01, 42.33]
[60.97, 42.55]
[60.98, 42.11]
[60.95, 42.11]
[60.95, 42.11]
[60.93, 41.89]
[60.93, 42.33]
[60.93, 42.11]
[60.91, 42.33]
[60.89, 42.11]
[60.88, 42.33]
[60.88, 42.33]
[60.86, 42.33]
[60.85, 42.33]
[60.82, 42.33]
[60.82, 42.55]
[60.81, 42.55]
[60.8, 42.33]
[60.79, 42.55]
[60.75, 42.33]
[60.78, 42.55]
[60.73, 42.55]
[60.72, 42.55]
[60.71, 42.55]
[60.7, 42.33]
[60.7, 42.55]
[60.68, 42.78]
[60.67, 42.55]
[60.65, 42.55]
[60.65, 42.78]
[60.65, 42.33]
[60.64, 42.78]
[60.59, 42.78]
[60.59, 42.55]
[60.57, 42.55]
[60.58, 42.55]
[60.57, 42.55]
[60.54, 42.55]
[60.52, 42.55]
[60.51, 42.78]
[60.5, 42.78]
[60.49, 42.78]
[60.48, 43.0]
[60.47, 42.78]
[60.45, 43.0]
[60.42, 42.78]
[60.41, 43.0]
[60.4, 42.78]
[60.41, 43.0]
[60.39, 43.0]
[60.37, 43.0]
[60.36, 42.78]
[60.35, 43.0]
[60.34, 43.0]
[60.34, 43.0]
[60.32, 43.22]
[60.29, 43.22]
[60.3, 43.22]
[60.29, 43.22]
[60.27, 43.0]
[60.26, 43.22]
[60.26, 43.22]
[60.24, 43.0]
[60.24, 43.0]
[60.23, 43.22]
[60.21, 43.0]
[60.2, 43.44]
[60.18, 43.44]
[60.17, 43.44]
[60.18, 43.44]
[60.15, 43.44]
[60.15, 43.22]
[60.13, 43.44]
[60.12, 43.22]
[60.11, 43.44]
[60.09, 43.44]
[60.09, 43.44]
[60.08, 43.67]
[60.07, 43.44]
[60.05, 43.44]
[60.03, 43.44]
[60.01, 43.44]
[60.03, 43.44]
[60.01, 43.22]
[59.99, 43.44]
[59.97, 43.44]
[59.96, 43.44]
[59.96, 43.44]
[59.94, 43.44]
[59.94, 43.67]
[59.93, 43.44]
[59.92, 43.44]
[59.91, 43.67]
[59.9, 44.12]
[59.86, 43.89]
[59.88, 43.89]
[59.85, 43.44]
[59.85, 43.89]
[59.82, 43.89]
[59.82, 43.67]
[59.8, 43.67]
[59.8, 43.89]
[59.78, 43.89]
[59.78, 43.89]
[59.77, 43.67]
[59.76, 43.89]
[59.76, 43.67]
[59.74, 43.89]
[59.71, 43.89]
[59.71, 43.67]
[59.71, 43.89]
[59.68, 43.89]
[59.67, 43.89]
[59.66, 43.67]
[59.67, 44.12]
[59.64, 43.89]
[59.63, 44.12]
[59.63, 44.12]
[59.61, 44.12]
[59.61, 44.12]
[59.62, 43.89]
[59.59, 44.12]
[59.58, 44.34]
[59.54, 44.12]
[59.55, 44.12]
[59.55, 44.12]
[59.52, 44.12]
[59.51, 44.12]
[59.51, 44.12]
[59.48, 44.12]
[59.48, 44.12]
[59.47, 44.12]
[59.47, 44.12]
[59.46, 44.34]
[59.46, 44.12]
[59.44, 44.34]
[59.41, 44.12]
[59.39, 44.34]
[59.39, 44.34]
[59.39, 44.34]
[59.38, 44.12]
[59.35, 44.34]
[59.35, 44.57]
[59.34, 44.79]
[59.33, 44.34]
[59.3, 44.34]
[59.32, 44.57]
[59.3, 44.79]
[59.27, 44.34]
[59.27, 44.57]
[59.25, 44.79]
[59.24, 44.57]
[59.24, 44.57]
[59.22, 44.57]
[59.22, 44.57]
[59.2, 44.79]
[59.18, 44.79]
[59.16, 44.79]
[59.17, 44.57]
[59.15, 44.79]
[59.14, 44.79]
[59.12, 44.79]
[59.12, 44.79]
[59.11, 44.79]
[59.09, 45.02]
[59.08, 44.79]
[59.08, 45.02]
[59.08, 44.79]
[59.04, 44.79]
[59.04, 44.79]
[59.03, 45.02]
[59.02, 45.02]
[59.01, 45.02]
[59.01, 45.02]
[59.0, 44.79]
[58.97, 45.02]
[58.99, 45.25]
[58.96, 45.02]
[58.93, 45.25]
[58.95, 45.02]
[58.92, 45.02]
[58.92, 45.25]
[58.91, 45.02]
[58.9, 45.25]
[58.88, 45.02]
[58.88, 45.25]
[58.86, 45.25]
[58.85, 45.25]
[58.85, 45.48]
[58.81, 45.25]
[58.84, 45.25]
[58.8, 45.02]
[58.79, 45.48]
[58.77, 45.25]
[58.78, 45.25]
[58.75, 45.02]
[58.76, 45.25]
[58.75, 45.48]
[58.74, 45.25]
[58.75, 45.71]
[58.71, 45.71]
[58.72, 45.25]
[58.71, 45.48]
[58.67, 45.48]
[58.68, 45.48]
[58.67, 45.48]
[58.67, 45.71]
[58.63, 46.17]
[58.64, 45.71]
[58.63, 45.48]
[58.62, 45.94]
[58.62, 45.71]
[58.6, 45.71]
[58.61, 45.71]
[58.59, 45.71]
[58.6, 45.71]
[58.58, 45.71]
[58.58, 45.94]
[58.58, 45.71]
[58.56, 45.94]
[58.55, 45.94]
[58.52, 45.71]
[58.49, 45.94]
[58.49, 45.71]
[58.5, 45.94]
[58.48, 45.71]
[58.47, 46.17]
[58.48, 45.71]
[58.46, 45.94]
[58.45, 45.71]
[58.44, 45.94]
[58.43, 46.17]
[58.44, 45.94]
[58.41, 45.94]
[58.4, 45.71]
[58.37, 46.17]
[58.4, 45.71]
[58.37, 46.17]
[58.37, 45.94]
[58.36, 46.17]
[58.35, 45.94]
[58.34, 46.17]
[58.33, 45.94]
[58.34, 46.17]
[58.32, 46.4]
[58.31, 46.4]
[58.3, 46.17]
[58.29, 46.17]
[58.28, 46.17]
[58.27, 46.63]
[58.26, 46.17]
[58.25, 46.4]
[58.23, 46.17]
[58.23, 46.17]
[58.22, 46.4]
[58.22, 46.63]
[58.19, 46.4]
[58.2, 46.4]
[58.19, 46.63]
[58.19, 46.17]
[58.17, 46.4]
[58.16, 46.4]
[58.16, 46.4]
[58.14, 46.63]
[58.14, 46.4]
[58.14, 46.63]
[58.13, 46.4]
[58.11, 46.4]
[58.1, 46.4]
[58.1, 46.63]
[58.08, 46.86]
[58.07, 46.63]
[58.06, 46.63]
[58.05, 46.63]
[58.04, 46.63]
[58.04, 46.86]
[58.02, 46.63]
[58.01, 47.09]
[58.01, 46.63]
[57.99, 46.86]
[57.97, 46.63]
[57.97, 46.86]
[57.97, 46.63]
[57.94, 46.86]
[57.96, 46.86]
[57.93, 46.63]
[57.93, 46.86]
[57.9, 47.09]
[57.91, 46.86]
[57.89, 47.09]
[57.88, 46.86]
[57.88, 47.09]
[57.88, 46.63]
[57.86, 47.09]
[57.85, 47.09]
[57.82, 46.86]
[57.83, 46.86]
[57.81, 47.09]
[57.83, 47.09]
[57.83, 47.09]
[57.79, 46.86]
[57.79, 47.09]
[57.78, 47.09]
[57.76, 47.09]
[57.75, 47.33]
[57.75, 46.86]
[57.74, 47.09]
[57.72, 47.33]
[57.74, 47.09]
[57.72, 47.09]
[57.72, 47.33]
[57.7, 47.09]
[57.69, 47.09]
[57.7, 47.09]
[57.67, 47.33]
[57.68, 47.56]
[57.64, 47.56]
[57.67, 47.33]
[57.64, 47.33]
[57.63, 47.33]
[57.62, 47.33]
[57.62, 47.33]
[57.61, 47.33]
[57.6, 47.33]
[57.58, 47.33]
[57.56, 47.33]
[57.56, 47.56]
[57.55, 47.8]
[57.55, 47.33]
[57.53, 47.56]
[57.53, 47.8]
[57.52, 47.8]
[57.49, 47.8]
[57.48, 47.8]
[57.49, 47.8]
[57.48, 47.56]
[57.46, 48.03]
[57.46, 48.03]
[57.44, 47.8]
[57.42, 47.8]
[57.43, 47.8]
[57.42, 48.03]
[57.39, 48.27]
[57.39, 47.8]
[57.4, 47.8]
[57.39, 47.8]
[57.38, 47.8]
[57.36, 47.8]
[57.33, 47.8]
[57.34, 47.8]
[57.32, 48.03]
[57.32, 47.8]
[57.31, 47.8]
[57.31, 48.03]
[57.29, 48.03]
[57.29, 48.03]
[57.27, 48.27]
[57.27, 48.27]
[57.27, 48.03]
[57.26, 48.03]
[57.26, 48.27]
[57.24, 48.27]
[57.24, 48.03]
[57.23, 48.27]
[57.2, 48.27]
[57.22, 48.03]
[57.2, 48.27]
[57.18, 48.03]
[57.17, 48.27]
[57.16, 48.5]
[57.17, 48.5]
[57.15, 48.27]
[57.16, 48.27]
[57.13, 48.5]
[57.14, 48.5]
[57.14, 48.27]
[57.11, 48.27]
[57.12, 48.27]
[57.09, 48.27]
[57.09, 48.5]
[57.07, 48.5]
[57.07, 48.5]
[57.03, 48.5]
[57.04, 48.27]
[57.01, 48.74]
[57.01, 48.74]
[57.01, 48.5]
[56.99, 48.5]
[56.98, 48.98]
[56.97, 48.5]
[56.95, 48.74]
[56.94, 48.74]
[56.96, 48.5]
[56.94, 48.74]
[56.92, 48.5]
[56.92, 48.74]
[56.89, 48.98]
[56.89, 48.74]
[56.88, 48.98]
[56.86, 48.98]
[56.85, 48.98]
[56.86, 48.74]
[56.84, 48.98]
[56.85, 48.98]
[56.83, 48.98]
[56.82, 48.74]
[56.83, 48.98]
[56.8, 48.98]
[56.8, 48.98]
[56.78, 48.98]
[56.77, 49.22]
[56.78, 48.98]
[56.75, 48.98]
[56.77, 48.98]
[56.75, 48.98]
[56.75, 49.22]
[56.72, 48.98]
[56.72, 48.98]
[56.7, 48.98]
[56.71, 48.98]
[56.7, 49.46]
[56.68, 49.22]
[56.68, 49.46]
[56.68, 49.46]
[56.69, 49.7]
[56.66, 49.46]
[56.65, 49.22]
[56.65, 49.46]
[56.64, 49.46]
[56.65, 49.46]
[56.62, 49.46]
[56.6, 49.46]
[56.59, 49.22]
[56.59, 49.22]
[56.59, 49.46]
[56.59, 49.46]
[56.56, 49.46]
[56.56, 49.46]
[56.56, 49.46]
[56.56, 49.7]
[56.53, 49.7]
[56.53, 49.46]
[56.53, 49.7]
[56.52, 49.7]
[56.5, 49.7]
[56.46, 49.46]
[56.46, 49.7]
[56.48, 49.7]
[56.46, 49.46]
[56.48, 49.7]
[56.46, 49.7]
[56.45, 49.7]
[56.46, 49.94]
[56.43, 49.7]
[56.44, 49.94]
[56.43, 49.7]
[56.4, 49.94]
[56.38, 49.7]
[56.4, 50.18]
[56.38, 49.7]
[56.38, 49.94]
[56.37, 49.7]
[56.37, 50.18]
[56.37, 49.94]
[56.34, 49.94]
[56.34, 49.7]
[56.35, 50.18]
[56.34, 49.94]
[56.33, 50.18]
[56.33, 49.7]
[56.29, 50.18]
[56.31, 50.18]
[56.27, 49.94]
[56.26, 50.18]
[56.26, 50.42]
[56.26, 50.18]
[56.26, 49.94]
[56.23, 50.18]
[56.24, 50.18]
[56.24, 50.42]
[56.22, 50.18]
[56.22, 50.18]
[56.21, 50.42]
[56.18, 50.18]
[56.2, 50.42]
[56.18, 50.18]
[56.18, 50.42]
[56.18, 50.18]
[56.15, 50.42]
[56.13, 50.42]
[56.12, 50.42]
[56.14, 50.42]
[56.13, 50.18]
[56.13, 50.9]
[56.13, 50.42]
[56.12, 50.42]
[56.09, 50.42]
[56.09, 50.66]
[56.1, 50.9]
[56.06, 50.66]
[56.07, 51.15]
[56.06, 51.15]
[56.05, 50.66]
[56.04, 50.66]
[56.03, 50.66]
[56.05, 50.42]
[56.01, 50.66]
[56.01, 50.9]
[56.01, 51.15]
[56.0, 50.9]
[55.98, 50.66]
[55.97, 50.9]
[55.97, 50.66]
[55.97, 50.9]
[55.96, 50.9]
[55.95, 51.15]
[55.95, 50.9]
[55.93, 50.9]
[55.91, 50.66]
[55.93, 51.39]
[55.92, 50.9]
[55.9, 50.9]
[55.91, 50.66]
[55.9, 50.9]
[55.89, 51.15]
[55.87, 50.9]
[55.86, 50.9]
[55.86, 50.9]
[55.85, 51.39]
[55.82, 51.64]
[55.83, 51.15]
[55.82, 50.9]
[55.83, 51.15]
[55.8, 51.15]
[55.81, 51.15]
[55.79, 51.15]
[55.78, 51.39]
[55.77, 51.15]
[55.76, 51.39]
[55.75, 51.88]
[55.76, 51.15]
[55.74, 51.39]
[55.74, 51.64]
[55.72, 51.39]
[55.71, 51.64]
[55.69, 51.39]
[55.71, 51.39]
[55.69, 51.39]
[55.69, 51.64]
[55.68, 51.64]
[55.69, 51.64]
[55.66, 51.64]
[55.64, 51.39]
[55.66, 51.15]
[55.64, 51.64]
[55.63, 51.64]
[55.63, 51.64]
[55.63, 51.64]
[55.63, 51.64]
[55.62, 51.64]
[55.61, 51.64]
[55.6, 51.64]
[55.6, 51.64]
[55.57, 51.88]
[55.59, 51.88]
[55.56, 51.64]
[55.53, 51.64]
[55.53, 51.64]
[55.52, 51.64]
[55.52, 51.88]
[55.51, 51.88]
[55.5, 51.64]
[55.52, 51.88]
[55.49, 51.64]
[55.48, 51.88]
[55.48, 52.13]
[55.47, 51.88]
[55.46, 51.88]
[55.44, 51.64]
[55.45, 52.13]
[55.46, 51.88]
[55.44, 52.13]
[55.42, 52.13]
[55.41, 51.88]
[55.41, 51.88]
[55.39, 51.88]
[55.39, 52.13]
[55.38, 52.38]
[55.37, 52.13]
[55.38, 52.13]
[55.36, 52.38]
[55.35, 52.13]
[55.34, 52.13]
[55.35, 52.13]
[55.34, 52.13]
[55.31, 52.13]
[55.31, 52.38]
[55.3, 52.38]
[55.31, 52.38]
[55.29, 52.13]
[55.29, 52.38]
[55.26, 52.38]
[55.26, 52.13]
[55.27, 52.38]
[55.26, 52.62]
[55.24, 52.38]
[55.23, 52.38]
[55.24, 52.38]
[55.23, 52.62]
[55.22, 52.38]
[55.2, 52.38]
[55.21, 52.62]
[55.2, 52.62]
[55.19, 52.62]
[55.2, 52.62]
[55.18, 52.62]
[55.18, 52.38]
[55.15, 52.62]
[55.16, 52.87]
[55.13, 52.62]
[55.15, 52.62]
[55.12, 52.62]
[55.12, 52.87]
[55.1, 52.87]
[55.1, 52.62]
[55.08, 52.38]
[55.09, 52.62]
[55.08, 52.62]
[55.08, 52.87]
[55.07, 52.62]
[55.06, 52.87]
[55.05, 52.62]
[55.04, 53.12]
[55.05, 53.12]
[55.02, 53.12]
[55.03, 53.12]
[55.03, 53.12]
[55.03, 53.12]
[55.0, 53.12]
[54.98, 53.12]
[54.98, 53.12]
[54.98, 53.12]
[54.96, 53.12]
[54.95, 53.12]
[54.95, 53.12]
[54.94, 53.12]
[54.96, 52.87]
[54.91, 52.87]
[54.91, 53.12]
[54.91, 53.12]
[54.91, 53.12]
[54.9, 53.12]
[54.89, 53.12]
[54.9, 53.12]
[54.89, 53.12]
[54.88, 53.37]
[54.87, 53.37]
[54.86, 53.12]
[54.83, 53.37]
[54.85, 53.37]
[54.83, 53.62]
[54.82, 53.62]
[54.83, 53.62]
[54.81, 53.37]
[54.81, 53.37]
[54.8, 53.62]
[54.8, 53.62]
[54.79, 53.37]
[54.81, 53.62]
[54.77, 53.87]
[54.77, 53.87]
[54.76, 53.62]
[54.75, 53.62]
[54.76, 53.87]
[54.75, 53.62]
[54.74, 53.62]
[54.72, 53.62]
[54.71, 53.87]
[54.72, 53.87]
[54.7, 53.62]
[54.7, 53.62]
[54.7, 53.62]
[54.67, 53.62]
[54.67, 53.87]
[54.66, 53.87]
[54.66, 54.13]
[54.66, 53.87]
[54.66, 53.87]
[54.63, 53.87]
[54.63, 53.87]
[54.6, 53.87]
[54.62, 53.87]
[54.61, 53.87]
[54.59, 54.13]
[54.59, 53.87]
[54.6, 53.87]
[54.58, 54.13]
[54.56, 54.38]
[54.57, 54.13]
[54.55, 54.13]
[54.53, 53.87]
[54.53, 53.87]
[54.55, 54.38]
[54.53, 54.13]
[54.52, 54.63]
[54.51, 54.38]
[54.51, 54.13]
[54.48, 54.13]
[54.48, 54.38]
[54.49, 54.13]
[54.48, 54.13]
[54.47, 54.38]
[54.45, 54.63]
[54.45, 54.63]
[54.43, 54.38]
[54.45, 54.63]
[54.43, 54.63]
[54.41, 54.38]
[54.42, 54.38]
[54.41, 54.38]
[54.38, 54.63]
[54.41, 54.63]
[54.38, 54.89]
[54.36, 54.38]
[54.34, 54.89]
[54.36, 54.63]
[54.37, 54.63]
[54.34, 54.63]
[54.34, 55.14]
[54.32, 54.63]
[54.32, 54.63]
[54.3, 54.63]
[54.3, 54.89]
[54.31, 54.63]
[54.29, 54.89]
[54.28, 54.89]
[54.3, 54.89]
[54.27, 54.63]
[54.28, 54.89]
[54.27, 54.89]
[54.26, 55.14]
[54.24, 55.14]
[54.23, 54.89]
[54.23, 55.14]
[54.22, 55.14]
[54.22, 54.89]
[54.2, 55.14]
[54.21, 54.89]
[54.21, 55.14]
[54.2, 54.89]
[54.21, 55.14]
[54.19, 55.14]
[54.17, 54.89]
[54.17, 55.14]
[54.17, 55.14]
[54.17, 55.14]
[54.16, 55.14]
[54.15, 55.4]
[54.08, 55.4]
[54.06, 55.4]
[54.03, 55.4]
[54.0, 55.4]
[53.99, 55.4]
[53.94, 55.4]
[53.94, 55.65]
[53.92, 55.4]
[53.91, 55.4]
[53.9, 55.4]
[53.85, 55.4]
[53.76, 55.65]
[53.62, 55.65]
[53.48, 55.65]
[53.28, 55.65]
[53.1, 55.4]
[52.88, 55.65]
[52.69, 55.65]
[52.49, 55.91]
[52.29, 55.91]
[52.1, 55.91]
[51.92, 55.91]
[51.71, 56.17]
[51.54, 55.91]
[51.36, 56.42]
[51.17, 56.17]
[50.97, 56.42]
[50.81, 56.42]
[50.66, 56.68]
[50.51, 56.68]
[50.34, 57.2]
[50.2, 57.2]
[50.05, 57.2]
[49.9, 56.94]
[49.76, 57.47]
[49.59, 57.47]
[49.43, 57.73]
[49.3, 57.73]
[49.16, 57.47]
[49.03, 57.73]
[48.88, 57.73]
[48.74, 58.25]
[48.59, 58.25]
[48.46, 57.99]
[48.31, 58.52]
[48.19, 58.52]
[48.05, 58.78]
[47.88, 59.05]
[47.78, 59.05]
[47.64, 59.32]
[47.51, 59.32]
[47.36, 59.58]
[47.24, 59.32]
[47.1, 59.58]
[46.98, 59.58]
[46.86, 59.85]
[46.73, 59.85]
[46.61, 60.12]
[46.47, 60.39]
[46.37, 60.66]
[46.22, 60.93]
[46.13, 60.93]
[46.01, 61.2]
[45.9, 60.93]
[45.79, 61.75]
[45.69, 61.2]
[45.57, 61.48]
[45.5, 61.75]
[45.39, 62.02]
[45.32, 61.75]
[45.26, 62.3]
[45.14, 62.02]
[45.05, 62.3]
[44.97, 62.57]
[44.87, 62.85]
[44.74, 62.57]
[44.65, 62.85]
[44.54, 63.13]
[44.45, 63.41]
[44.35, 63.41]
[44.27, 63.69]
[44.2, 63.69]
[44.14, 63.69]
[44.07, 63.97]
[44.0, 63.69]
[43.92, 64.53]
[43.86, 64.53]
[43.79, 64.25]
[43.76, 64.53]
[43.72, 64.81]
[43.67, 65.09]
[43.61, 64.81]
[43.53, 65.09]
[43.46, 65.38]
[43.39, 65.66]
[43.33, 65.66]
[43.26, 65.66]
[43.18, 65.95]
[43.11, 66.24]
[43.07, 66.24]
[42.98, 66.52]
[42.91, 66.52]
[42.82, 66.52]
[42.77, 66.81]
[42.69, 66.81]
[42.63, 67.1]
[42.54, 67.1]
[42.5, 67.68]
[42.43, 67.68]
[42.35, 67.68]
[42.3, 67.97]
[42.24, 67.97]
[42.17, 67.97]
[42.1, 68.27]
[42.04, 68.27]
[41.98, 67.97]
[41.92, 68.86]
[41.86, 68.86]
[41.83, 68.86]
[41.76, 69.45]
[41.72, 69.45]
[41.66, 69.45]
[41.62, 70.04]
[41.56, 69.74]
[41.52, 70.04]
[41.48, 70.04]
[41.42, 70.04]
[41.4, 70.34]
[41.32, 70.34]
[41.3, 71.24]
[41.25, 70.94]
[41.18, 70.94]
[41.14, 70.94]
[41.1, 71.55]
[41.04, 71.24]
[40.99, 71.24]
[40.96, 71.55]
[40.92, 71.85]
[40.89, 72.15]
[40.86, 72.15]
[40.82, 72.46]
[40.82, 72.77]
[40.77, 72.77]
[40.73, 72.77]
[40.69, 72.77]
[40.65, 73.38]
[40.6, 73.69]
[40.59, 73.38]
[40.54, 73.38]
[40.51, 74.31]
[40.45, 74.0]
[40.41, 74.31]
[40.4, 74.0]
[40.36, 74.62]
[40.31, 74.31]
[40.28, 74.62]
[40.25, 74.94]
[40.22, 74.94]
[40.18, 74.94]
[40.15, 75.25]
[40.11, 75.25]
[40.09, 75.88]
[40.11, 75.88]
[40.13, 76.2]
[40.16, 76.2]
[40.19, 76.52]
[40.21, 76.2]
[40.23, 76.84]
[40.23, 76.52]
[40.22, 76.84]
[40.21, 76.84]
[40.21, 77.16]
[40.21, 77.16]
[40.21, 77.16]
[40.21, 77.16]
[40.19, 77.16]
[40.22, 77.48]
[40.21, 77.48]
[40.22, 77.48]
[40.24, 77.48]
[40.26, 78.12]
[40.28, 78.12]
[40.3, 78.12]
[40.35, 77.8]
[40.35, 78.12]
[40.4, 78.45]
[40.44, 78.12]
[40.45, 78.12]
[40.48, 78.45]
[40.53, 78.45]
[40.54, 78.45]
[40.59, 78.77]
[40.63, 78.45]
[40.66, 78.77]
[40.67, 79.1]
[40.71, 79.1]
[40.74, 79.1]
[40.77, 78.77]
[40.81, 78.77]
[40.81, 79.1]
[40.85, 79.43]
[40.88, 79.1]
[40.91, 79.1]
[40.92, 79.1]
[40.97, 79.1]
[40.99, 80.08]
[41.02, 79.75]
[41.04, 79.75]
[41.07, 79.75]
[41.1, 79.75]
[41.12, 79.75]
[41.18, 79.43]
[41.18, 79.43]
[41.22, 79.43]
[41.24, 80.08]
[41.28, 80.08]
[41.3, 79.75]
[41.32, 80.08]
[41.34, 80.08]
[41.37, 79.75]
[41.4, 79.75]
[41.43, 80.08]
[41.44, 80.08]
[41.48, 80.08]
[41.49, 80.08]
[41.52, 80.08]
[41.56, 80.08]
[41.58, 80.08]
[41.6, 80.08]
[41.63, 80.08]
[41.67, 79.75]
[41.67, 80.41]
[41.71, 80.08]
[41.73, 80.41]
[41.75, 80.08]
[41.78, 80.08]
[41.81, 80.41]
[41.84, 80.74]
[41.86, 80.41]
[41.89, 80.74]
[41.92, 80.74]
[41.94, 80.74]
[41.96, 81.08]
[41.99, 80.41]
[42.02, 80.41]
[42.05, 80.74]
[42.05, 80.74]
[42.1, 81.08]
[42.11, 80.74]
[42.14, 80.74]
[42.17, 80.74]
[42.19, 81.08]
[42.22, 81.08]
[42.24, 80.74]
[42.25, 80.74]
[42.28, 80.74]
[42.3, 80.74]
[42.3, 81.08]
[42.28, 81.08]
[42.25, 80.74]
[42.24, 81.08]
[42.21, 81.08]
[42.16, 81.41]
[42.14, 81.41]
[42.1, 81.41]
[42.08, 81.08]
[42.03, 81.41]
[42.03, 81.08]
[42.02, 81.41]
[42.0, 81.08]
[41.96, 82.08]
[41.95, 81.74]
[41.96, 81.74]
[41.96, 82.08]
[41.98, 81.74]
[41.98, 81.41]
[41.99, 81.74]
[41.94, 81.74]
[41.9, 81.74]
[41.86, 81.74]
[41.84, 82.08]
[41.83, 82.08]
[41.79, 82.42]
[41.77, 81.74]
[41.75, 82.08]
[41.69, 82.75]
[41.64, 82.08]
[41.61, 82.42]
[41.55, 82.08]
[41.52, 82.75]
[41.48, 82.75]
[41.45, 82.75]
[41.41, 82.75]
[41.4, 82.75]
[41.37, 83.09]
[41.39, 83.09]
[41.36, 83.09]
[41.34, 83.43]
[41.29, 83.43]
[41.28, 83.43]
[41.26, 83.43]
[41.22, 83.77]
[41.24, 83.43]
[41.22, 83.77]
[41.2, 84.12]
[41.18, 84.12]
[41.15, 84.12]
[41.13, 83.77]
[41.07, 84.12]
[41.07, 84.12]
[41.04, 84.46]
[41.02, 84.46]
[40.96, 84.8]
[40.88, 84.8]
[40.83, 84.8]
[40.75, 85.84]
[40.7, 85.15]
[40.59, 85.15]
[40.54, 85.5]
[40.48, 85.5]
[40.39, 85.84]
[40.33, 85.5]
[40.26, 85.5]
[40.21, 85.84]
[40.18, 86.19]
[40.14, 86.19]
[40.12, 86.19]
[40.08, 86.19]
[40.0, 86.54]
[39.95, 86.54]
[39.89, 86.54]
[39.83, 86.54]
[39.76, 86.89]
[39.71, 87.6]
[39.62, 87.25]
[39.55, 87.6]
[39.48, 87.6]
[39.41, 87.96]
[39.35, 87.96]
[39.29, 87.96]
[39.23, 88.31]
[39.14, 87.96]
[39.1, 87.96]
[39.04, 88.31]
[38.97, 88.31]
[38.92, 88.67]
[38.83, 89.03]
[38.81, 89.03]
[38.7, 89.03]
[38.67, 89.39]
[38.61, 89.75]
[38.55, 89.75]
[38.5, 89.75]
[38.43, 90.11]
[38.38, 90.11]
[38.33, 90.47]
[38.26, 90.84]
[38.21, 90.11]
[38.16, 91.2]
[38.1, 91.2]
[38.07, 90.84]
[38.03, 90.84]
[37.96, 91.57]
[37.91, 91.57]
[37.88, 91.57]
[37.85, 91.57]
[37.8, 92.31]
[37.77, 92.31]
[37.77, 92.31]
[37.76, 92.31]
[37.73, 92.68]
[37.7, 93.05]
[37.69, 92.68]
[37.64, 92.68]
[37.6, 93.79]
[37.61, 93.05]
[37.61, 92.68]
[37.62, 93.42]
[37.61, 94.17]
[37.61, 93.05]
[37.62, 93.79]
[37.63, 93.79]
[37.64, 94.17]
[37.61, 94.17]
[37.59, 94.55]
[37.61, 94.55]
[37.58, 94.92]
[37.56, 94.55]
[37.54, 94.92]
[37.49, 94.92]
[37.49, 94.92]
[37.49, 95.68]
[37.48, 96.07]
[37.46, 94.92]
[37.44, 95.68]
[37.4, 96.45]
[37.4, 97.22]
[37.38, 96.45]
[37.37, 96.45]
[37.34, 96.07]
[37.34, 96.83]
[37.33, 96.45]
[37.34, 96.45]
[37.33, 96.83]
[37.33, 97.22]
[37.3, 96.83]
[37.32, 97.61]
[37.33, 96.83]
[37.34, 97.61]
[37.35, 97.61]
[37.34, 97.61]
[37.38, 97.61]
[37.4, 98.39]
[37.41, 98.0]
[37.42, 98.0]
[37.42, 98.0]
[37.43, 98.39]
[37.42, 98.39]
[37.41, 98.78]
[37.4, 99.17]
[37.35, 99.17]
[37.32, 99.17]
[37.31, 99.17]
[37.26, 99.17]
[37.23, 99.56]
[37.18, 99.17]
[37.16, 99.56]
[37.14, 99.96]
[37.08, 99.96]
[37.07, 99.56]
[37.05, 100.36]
[37.0, 100.75]
[36.98, 100.75]
[36.95, 100.75]
[36.91, 100.36]
[36.89, 100.75]
[36.88, 101.15]
[36.83, 101.15]
[36.81, 101.15]
[36.77, 101.56]
[36.76, 101.56]
[36.78, 101.56]
[36.78, 101.56]
[36.78, 101.56]
[36.78, 101.96]
[36.83, 102.36]
[36.85, 102.36]
[36.85, 102.36]
[36.87, 102.77]
[36.89, 103.17]
[36.9, 102.77]
[36.95, 102.77]
[36.97, 102.77]
[37.01, 102.77]
[37.02, 103.17]
[37.04, 102.77]
[37.07, 102.77]
[37.12, 103.58]
[37.12, 103.17]
[37.17, 103.17]
[37.17, 103.58]
[37.18, 103.17]
[37.22, 103.58]
[37.23, 103.58]
[37.29, 103.58]
[37.3, 103.58]
[37.33, 103.58]
[37.35, 103.58]
[37.37, 103.99]
[37.42, 103.99]
[37.44, 103.99]
[37.45, 103.99]
[37.49, 103.99]
[37.51, 103.99]
[37.54, 103.99]
[37.57, 103.99]
[37.59, 104.4]
[37.61, 104.4]
[37.65, 104.4]
[37.66, 104.4]
[37.71, 103.99]
